date hour lat lon
19830620 03 20.5 71
19840523 12 10.7 56.2
19850528 06 15.1 67.4
19870604 06 16.1 60.9
19880608 00 14.2 73.6
19890608 18 18.7 68.5
19920603 06 9.9 70.3
19940605 18 16 72.5
19960616 00 16.8 71.7
19980601 06 10.6 74.7
19990515 00 12 72.5
20010521 06 13.7 68.1
20040610 03 17.5 67.5
20070601 06 14.7 70.0
20080605 00 15.5 66.0
20090623 00 18 71.5
20100530 18 14.5 64.7
20110609 06 18.1 69.9
20140608 06 12.4 68.3
20150606 06 13.1 68.5
20180521 06 7.9 58.6
20190609 00 10.1 71.9
20200531 18 12.9 72.2
